2 4 17 51 75
35 76 6 71 18
73 100 60 51 36
40 12 4 68 24
48 22 49 20 13
79 91 35 80 20
24 53 54 6 63
61 100 14 36 58
38 89 33 54 48
5 32 54 33 40
92 53 58 17 47
78 56 37 30 47
49 7 13 88 28
17 73 35 8 27
68 50 21 22 44
53 100 80 89 52
49 69 9 38 7
68 37 76 59 40
55 31 1 69 72
74 99 75 11 10
75 28 40 10 78
15 2 25 21 36
26 75 50 74 55
15 4 45 87 47
22 41 69 17 68
20 38 41 61 67
41 14 62 18 87
10 88 57 59 17
13 82 39 20 46
52 72 74 2 4
24 85 95 66 64
36 57 43 23 72
2 96 46 92 58
14 17 59 61 80
53 62 59 33 46
10 28 78 31 65
33 27 76 7 10
94 82 83 75 98
35 42 7 80 28
46 32 7 4 14
15 67 66 5 23
78 100 57 92 80
56 7 80 33 57
88 77 46 47 22
17 61 9 60 77
10 26 84 86 34
45 48 19 35 39
95 5 52 100 97
96 18 72 91 33
50 4 14 33 99
62 44 79 9 14
47 64 39 60 54
62 26 37 45 2
26 23 8 12 14
42 75 28 52 71
74 41 81 77 73
85 39 86 43 60
48 15 16 58 94
65 78 19 30 9
55 69 21 76 36
62 80 58 11 91
94 39 38 86 97
89 38 60 96 5
20 21 93 47 45
17 21 58 28 22
28 4 78 46 36
29 89 64 1 71
70 39 5 14 37
79 16 6 1 58
93 9 40 44 90
52 37 6 18 95
74 15 73 39 19
22 17 57 88 11
34 26 12 72 69
15 23 39 73 57
4 63 54 18 45
51 99 33 7 86
12 8 61 30 32
80 83 42 66 28
81 21 17 13 37
77 20 55 33 76
95 22 58 31 6
35 45 7 38 66
43 100 2 37 90
55 46 84 64 6
14 16 93 68 8
13 7 90 11 94
98 95 20 21 78
5 35 43 4 91
91 54 35 10 100
60 10 43 96 20
33 80 96 92 86
65 52 46 80 47
28 12 9 32 86
21 98 60 14 18
91 27 7 16 50
89 34 19 42 67
67 22 96 82 68
23 34 88 83 28
57 65 56 69 10
93 54 5 97 73
80 37 47 92 24
10 8 89 47 42
85 20 21 47 82
89 41 83 66 19
19 9 17 59 83
66 86 82 97 75
17 70 3 74 58
59 27 65 18 14
30 15 93 28 60
68 20 5 84 23
83 24 38 23 29
43 97 22 10 37
3 68 22 38 29
60 55 63 36 47
13 99 7 93 28
29 93 88 34 83
73 43 6 71 62
31 39 10 50 14
85 80 33 30 3
35 7 69 46 5
75 12 49 92 54
94 16 82 17 65
43 55 88 98 49
98 75 35 42 12
16 52 69 4 14
59 2 84 18 97
85 73 33 99 51
38 32 91 27 19
66 32 35 3 79
44 17 97 84 28
90 45 31 34 49
62 22 80 32 8
88 70 77 92 8
16 53 19 64 27
27 73 13 50 33
53 91 37 8 45
3 17 63 60 33
50 46 12 16 52
83 61 15 48 27
15 41 51 30 96
59 32 49 67 16
73 1 42 38 61
92 50 35 23 22
93 42 62 97 72
68 87 41 100 51
99 59 95 98 32
21 73 26 2 32
15 60 70 54 49
14 66 46 10 8
84 86 19 58 100
40 51 76 12 50
23 26 55 99 76
71 3 19 96 53
100 14 20 58 27
62 91 86 66 49
14 80 49 23 54
56 57 17 49 69
70 6 68 51 15
78 93 82 24 70
52 45 46 28 3
45 81 43 38 88
57 55 93 95 73
55 100 20 56 15
11 42 29 69 83
70 74 65 28 49
57 70 10 40 82
59 92 47 28 65
94 83 63 19 100
3 84 73 66 88
22 50 32 83 7
42 53 14 76 31
45 97 24 56 85
79 43 92 32 71
84 90 76 18 3
42 11 1 35 79
82 96 57 90 16
3 83 49 85 63
62 40 8 73 5
78 38 23 28 1
50 61 28 53 68
13 79 4 47 58
70 50 51 95 71
45 23 18 48 56
54 37 99 28 8
67 35 31 88 99
30 52 53 55 63
78 32 62 68 90
66 75 100 41 15
26 75 79 76 28
88 73 40 69 35
94 50 7 47 99
68 19 51 78 30
1 80 16 100 83
45 19 75 54 79
60 86 45 80 100
22 94 53 33 36
19 87 11 54 21
60 98 46 67 10
18 86 51 61 28