27 30 1
31 31 1
23 29 2
30 31 2
3 8 3
13 17 3
17 21 3
23 28 3
29 30 3
31 31 3
7 12 4
13 19 4
20 25 4
26 31 4
6 10 5
26 31 5
28 30 6
31 31 6
27 31 7
25 29 8
30 31 8
8 10 9
21 26 9
27 31 9
14 15 10
23 29 10
30 31 10
17 20 11
22 24 11
25 31 11
1 5 12
20 22 12
23 25 12
26 31 12
16 19 13
22 24 13
25 27 13
28 31 13
8 9 14
22 23 14
24 25 14
26 30 14
31 31 14
12 13 15
16 21 15
22 26 15
27 31 15
16 17 16
18 20 16
21 27 16
28 29 16
30 31 16
22 28 17
29 31 17
25 29 18
30 31 18
22 28 19
29 31 19
15 18 20
19 22 20
24 27 20
28 29 20
30 31 20