0 1542 0 0 0.000000
0 45 0 0 0.000000
0 131 0 0 0.000000
0 729 0 0 0.000000
0 744 0 0 0.000000
0 10 0 0 0.000000
0 10 0 0 0.000000
0 9 0 0 0.000000
0 23 0 0 0.000000
0 1137 0 0 0.000000
0 13 0 0 0.000000
0 866 0 0 0.000000
0 39 0 0 0.000000
0 4127 0 0 0.000000
0 2755 0 1 0.460532
0 1033 0 2 0.170831
0 1173 0 3 0.198757
0 585 0 4 0.095990
0 676 0 5 0.108306
0 3806 0 6 0.237488
0 1864 0 7 0.139334
0 2299 0 8 0.189636
0 1214 0 9 0.096456
0 1574 0 10 0.145248
0 16 0 0 0.000000
1 12 0 0 0.000000
1 836 0 0 0.000000
1 40 0 0 0.000000
1 2131 0 0 0.000000
1 2756 0 1 1.082740
1 1058 0 2 0.376170
1 1120 0 3 0.356985
1 623 0 4 0.178072
1 645 0 5 0.167722
1 4012 0 6 0.527663
1 1954 0 7 0.296214
1 2511 0 8 0.394148
1 1301 0 9 0.151669
1 1585 0 10 0.255115
1 15 0 0 0.000000
2 12 0 0 0.000000
2 606 0 0 0.000000
2 39 1 0 0.000000
2 911 1 0 0.000000
2 589 1 1 0.124683
2 187 1 2 0.016623
2 169 1 3 0.016020
2 139 1 4 0.012590
2 125 1 5 0.002365
2 1407 1 6 0.137394
2 516 1 7 0.065254
2 517 1 8 0.079500
2 312 1 9 0.048799
2 281 1 10 0.030349
2 15 0 0 0.000000
3 12 0 0 0.000000
3 416 0 0 0.000000
3 16 0 0 0.000000
4 12 0 0 0.000000
4 226 0 0 0.000000
4 16 0 0 0.000000
5 12 0 0 0.000000
5 226 0 0 0.000000
5 15 0 0 0.000000
6 12 0 0 0.000000
6 416 0 0 0.000000
6 16 0 0 0.000000
7 12 0 0 0.000000
7 226 0 0 0.000000
7 15 0 0 0.000000
8 12 0 0 0.000000
8 216 0 0 0.000000
8 15 0 0 0.000000
9 12 0 0 0.000000
9 606 0 0 0.000000
9 39 1 0 0.000000
9 1005 1 0 0.000000
9 730 1 1 0.235753
9 251 1 2 0.035622
9 215 1 3 0.025927
9 175 1 4 0.017465
9 140 1 5 0.004551
9 1631 1 6 0.241899
9 670 1 7 0.074936
9 698 1 8 0.076073
9 478 1 9 0.062218
9 400 1 10 0.036414
9 15 0 0 0.000000
10 12 0 0 0.000000
10 416 0 0 0.000000
10 16 0 0 0.000000
11 12 0 0 0.000000
11 226 0 0 0.000000
11 15 0 0 0.000000
12 12 0 0 0.000000
12 216 0 0 0.000000
12 15 0 0 0.000000
13 12 0 0 0.000000
13 406 0 0 0.000000
13 15 0 0 0.000000
14 12 0 0 0.000000
14 216 0 0 0.000000
14 15 0 0 0.000000
15 12 0 0 0.000000
15 216 0 0 0.000000
